"product_id";"product_name";"quantity";"product_ean";"product_sku";"product_category_name";"price";"product_tax";"weight";"description";"additional_desc_1";"additional_desc_2";"additional_desc_3";"additional_desc_4";"photo";"additional_photo_1";"additional_photo_2";"additional_photo_3";"additional_photo_4";"additional_photo_5";"additional_photo_6";"additional_photo_7";"additional_photo_8";"additional_photo_9";"additional_photo_10";"additional_photo_11";"additional_photo_12";"additional_photo_13";"additional_photo_14";"additional_photo_15";"product_manufacturer_name"
"61784712";"Stelaż do łóżka 90x200 premium płaski niski wkład pod materac";9845;"5905342269137";"PL90pro";"Stelaże Drewniane ";116.85;23%;11;"<section class=""section"">
        <div class=""item item-12"">
            <section class=""text-item"">
                <h1><p class=""MsoNormal"" style=""line-height: normal; background-image: initial; background-position: initial; background-size: initial; background-repeat: initial; background-attachment: initial; background-origin: initial; background-clip: initial;""><font color=""#000000""><b><span style=""font-size:18.0pt;font-family:"" open="""" sans"",sans-serif;mso-fareast-font-family:="""" ""times="""" new="""" roman"";color:#222222;mso-font-kerning:18.0pt;mso-fareast-language:="""" pl""="""">Stelaż do łóżka pod materac elastyczny serii premium płaski 89x199cm firmy Moledo<o:p></o:p></span></b></font></p>

<p class=""MsoNormal"" style=""mso-margin-top-alt:auto;mso-margin-bottom-alt:auto;
line-height:normal""><font color=""#000000""><span style=""font-size:12.0pt;font-family:"" times="""" new="""" roman"",serif;="""" mso-fareast-font-family:""times="""" roman"";mso-fareast-language:pl""="""">Stelaż
wykonany jest z 20 sprężystych (giętych) listew brzozowych, 40&nbsp; uchwytów
zapobiegających skrzypieniu oraz mocnej poziomej ramy&nbsp; ze sklejki
najlepszych polskich producentów. Cechuje go niezwykła wytrzymałość, trwałość i
wysoka elastyczność. Stelaż dzięki swoim właściwościom jest odpowiedni dla
materacy sprężynowych oraz piankowych. Zwiększa komfort snu, daje optymalne
podparcie i zapewnia odpowiednią wentylację powietrza dla materaca<o:p></o:p></span></font></p></h1>
            </section>
        </div>
        </section>";"<p class=""MsoNormal"" style=""mso-margin-top-alt:auto;mso-margin-bottom-alt:auto;
line-height:normal""><font color=""#000000""><span style=""font-size:12.0pt;font-family:"" times="""" new="""" roman"",serif;="""" mso-fareast-font-family:""times="""" roman"";mso-fareast-language:pl""="""">&nbsp;</span></font></p><p style=""background-image: initial; background-position: initial; background-size: initial; background-repeat: initial; background-attachment: initial; background-origin: initial; background-clip: initial;""><font color=""#000000""><b><span style=""font-family:"" open="""" sans"",sans-serif;="""" color:#222222""="""">Dane techniczne rozmiaru</span></b><span style=""font-family:
"" open="""" sans"",sans-serif;color:#222222""=""""> 90x200 :<o:p></o:p></span></font></p><p style=""background-image: initial; background-position: initial; background-size: initial; background-repeat: initial; background-attachment: initial; background-origin: initial; background-clip: initial;""><font color=""#000000""><span style=""font-family:"" open="""" sans"",sans-serif;="""" color:#222222""="""">·Długość&nbsp;<b>1990</b>&nbsp;mm<o:p></o:p></span></font></p><p style=""background-image: initial; background-position: initial; background-size: initial; background-repeat: initial; background-attachment: initial; background-origin: initial; background-clip: initial;""><font color=""#000000""><span style=""font-family:"" open="""" sans"",sans-serif;="""" color:#222222""="""">·Szerokość&nbsp;<b>890&nbsp;</b>mm&nbsp;<o:p></o:p></span></font></p><p style=""background-image: initial; background-position: initial; background-size: initial; background-repeat: initial; background-attachment: initial; background-origin: initial; background-clip: initial;""><font color=""#000000""><span style=""font-family:"" open="""" sans"",sans-serif;="""" color:#222222""="""">·Wysokość&nbsp;<b>36</b>&nbsp;mm<o:p></o:p></span></font></p><p style=""background-image: initial; background-position: initial; background-size: initial; background-repeat: initial; background-attachment: initial; background-origin: initial; background-clip: initial;""><font color=""#000000""><span style=""font-family:"" open="""" sans"",sans-serif;="""" color:#222222""="""">·Listwy gięte 53mm x 8mm&nbsp; profilowana sklejka<o:p></o:p></span></font></p><p style=""background-image: initial; background-position: initial; background-size: initial; background-repeat: initial; background-attachment: initial; background-origin: initial; background-clip: initial;""><font color=""#000000""><span style=""font-family:"" open="""" sans"",sans-serif;="""" color:#222222""="""">·Odstępy między listwami 38mm<o:p></o:p></span></font></p><p open="""" sans"",="""" sans-serif;="""" font-size:="""" 16px;""="""">













</p><p style=""background-image: initial; background-position: initial; background-size: initial; background-repeat: initial; background-attachment: initial; background-origin: initial; background-clip: initial;""><font color=""#000000""><span style=""font-family:"" open="""" sans"",sans-serif;="""" color:#222222""=""""><br><o:p></o:p></span></font></p>";"<p style=""color: rgb(34, 34, 34); font-family: "" open="""" sans"",="""" sans-serif;="""" font-size:="""" 16px;""=""""><br></p><div class=""mp4t_16_s mryx_16_s mr3m_1 mli2_1 mh85_56 mh85_0_l""><div class=""mgn2_16 _0d3bd_5pK0q""><p><b>Zalety</b><b>:</b></p>
<p>- Wkłady elastyczne wydłużają żywotność materaca nawet o 25%</p>
<p>- Profilowane listewki pozwalają lepiej pracować każdemu położonemu na nim materacowi dzięki zwiększonej elastyczności stelaża</p>
<p>- Stelaż zapewnia odpowiednią cyrkulację powietrza dla materaca</p><p>- <b>Bardzo niski stelaż, pasuje do wąskich boków łóżka&nbsp; czy metalowych konstrukcji&nbsp; oraz na podłogę</b></p>
<p>- <b>W</b><b>ersja premium, na innej aukcji mamy wersję eko 15 listew</b><b><br></b></p><p><b><br></b></p></div></div>";"";"";"https://upload.cdn.baselinker.com/products/2000076/6d91c2a55f407eae6bca02f3316b8265.png";"https://upload.cdn.baselinker.com/products/2000076/267cb9968a74260d82e2f5e8c3a95682.png";"https://upload.cdn.baselinker.com/products/2000076/c02cbbc418289c0c1f33a542bc894540.png";"https://upload.cdn.baselinker.com/products/2000076/e5cf0d5d50790cb3f712d632181759c1.png";"https://upload.cdn.baselinker.com/products/2000076/133c8c2bb7a163fc5d3ab24e0479744a.png";"https://upload.cdn.baselinker.com/products/2000076/fe1bb3abc5f474a61dd7189b2d6ed603.png";"https://upload.cdn.baselinker.com/products/2000076/e43cde67038983243399f01fe8687943.png";"https://upload.cdn.baselinker.com/products/2000076/ca79f64eb7d28a0f22749a625bf7179b.png";"https://upload.cdn.baselinker.com/products/2000076/df368e8cef5ebec7a7aa69a5b4e76df4.png";"https://upload.cdn.baselinker.com/products/2000076/41e5241e3bc674705962877bdc8248cb.jpg";"";"";"";"";"";"";"Moledo"
"61784713";"Stelaż do łóżka 100x200 premium płaski niski wkład pod materac";9940;"5905342269120";"PL100pro";"Stelaże Drewniane ";121.77;23%;11;"<section class=""section"">
        <div class=""item item-12"">
            <section class=""text-item"">
                <h1><p class=""MsoNormal"" style=""line-height: normal; background-image: initial; background-position: initial; background-size: initial; background-repeat: initial; background-attachment: initial; background-origin: initial; background-clip: initial;""><font color=""#000000""><b><span style=""font-size:18.0pt;font-family:"" open="""" sans"",sans-serif;mso-fareast-font-family:="""" ""times="""" new="""" roman"";color:#222222;mso-font-kerning:18.0pt;mso-fareast-language:="""" pl""="""">Stelaż do łóżka pod materac elastyczny serii premium płaski 99x199cm firmy Moledo<o:p></o:p></span></b></font></p>

<p class=""MsoNormal"" style=""mso-margin-top-alt:auto;mso-margin-bottom-alt:auto;
line-height:normal""><span style=""font-size:12.0pt;font-family:"" times="""" new="""" roman"",serif;="""" mso-fareast-font-family:""times="""" roman"";mso-fareast-language:pl""=""""><font color=""#000000"">Stelaż
wykonany jest z 20 sprężystych (giętych) listew brzozowych, 40  uchwytów
zapobiegających skrzypieniu oraz mocnej poziomej ramy  ze sklejki
najlepszych polskich producentów. Cechuje go niezwykła wytrzymałość, trwałość i
wysoka elastyczność. Stelaż dzięki swoim właściwościom jest odpowiedni dla
materacy sprężynowych oraz piankowych. Zwiększa komfort snu, daje optymalne
podparcie i zapewnia odpowiednią wentylację powietrza dla materaca</font><o:p></o:p></span></p></h1>
            </section>
        </div>
        </section>";"<p class=""MsoNormal"" style=""mso-margin-top-alt:auto;mso-margin-bottom-alt:auto;
line-height:normal""><font color=""#000000""><span style=""font-size:12.0pt;font-family:"" times="""" new="""" roman"",serif;="""" mso-fareast-font-family:""times="""" roman"";mso-fareast-language:pl""=""""> </span><b><span style=""font-family:"" open="""" sans"",sans-serif;="""" color:#222222""="""">Dane techniczne rozmiaru</span></b><span style=""font-family:
"" open="""" sans"",sans-serif;color:#222222""=""""> 100x200 :<o:p></o:p></span></font></p><p style=""background-image: initial; background-position: initial; background-size: initial; background-repeat: initial; background-attachment: initial; background-origin: initial; background-clip: initial;""><font color=""#000000""><span style=""font-family:"" open="""" sans"",sans-serif;="""" color:#222222""="""">·Długość <b>1990</b> mm<o:p></o:p></span></font></p><p style=""background-image: initial; background-position: initial; background-size: initial; background-repeat: initial; background-attachment: initial; background-origin: initial; background-clip: initial;""><font color=""#000000""><span style=""font-family:"" open="""" sans"",sans-serif;="""" color:#222222""="""">·Szerokość <b>990 </b>mm <o:p></o:p></span></font></p><p style=""background-image: initial; background-position: initial; background-size: initial; background-repeat: initial; background-attachment: initial; background-origin: initial; background-clip: initial;""><font color=""#000000""><span style=""font-family:"" open="""" sans"",sans-serif;="""" color:#222222""="""">·wysokości <b>36</b> mm<o:p></o:p></span></font></p><p style=""background-image: initial; background-position: initial; background-size: initial; background-repeat: initial; background-attachment: initial; background-origin: initial; background-clip: initial;""><font color=""#000000""><span style=""font-family:"" open="""" sans"",sans-serif;="""" color:#222222""="""">·Listwy gięte 53mm x 8mm  profilowana sklejka<o:p></o:p></span></font></p><p style=""background-image: initial; background-position: initial; background-size: initial; background-repeat: initial; background-attachment: initial; background-origin: initial; background-clip: initial;""><font color=""#000000""><span style=""font-family:"" open="""" sans"",sans-serif;="""" color:#222222""="""">·Odstępy między listwami 38mm<o:p></o:p></span></font></p><p open="""" sans"",="""" sans-serif;="""" font-size:="""" 16px;""="""">













</p><p style=""background-image: initial; background-position: initial; background-size: initial; background-repeat: initial; background-attachment: initial; background-origin: initial; background-clip: initial;""><font color=""#000000""><span style=""font-family:"" open="""" sans"",sans-serif;="""" color:#222222""=""""><br><o:p></o:p></span></font></p>";"<p style=""color: rgb(34, 34, 34); font-family: "" open="""" sans"",="""" sans-serif;="""" font-size:="""" 16px;""=""""><b>Zalety</b><b>:</b></p><div class=""mp4t_16_s mryx_16_s mr3m_1 mli2_1 mh85_56 mh85_0_l""><div class=""mgn2_16 _0d3bd_5pK0q"">
<p>- Wkłady elastyczne wydłużają żywotność materaca nawet o 25%</p>
<p>- Profilowane listewki pozwalają lepiej pracować każdemu położonemu na nim materacowi dzięki zwiększonej elastyczności stelaża</p>
<p>- Stelaż zapewnia odpowiednią cyrkulację powietrza dla materaca</p><p>- <b>Bardzo niski stelaż, pasuje do wąskich boków łóżka  czy metalowych konstrukcji  oraz na podłogę</b></p>
<p>- <b>W</b><b>ersja premium, na innej aukcji mamy wersję eko 15 listew <br></b></p></div></div>";"";"";"https://upload.cdn.baselinker.com/products/2000076/c5fb36ac5abd163c128a30801d2e0f1a.png";"https://upload.cdn.baselinker.com/products/2000076/db3000232c2a5429a646fe09708a08d9.png";"https://upload.cdn.baselinker.com/products/2000076/40dfe2c87a457813e86e365d6cf977ed.png";"https://upload.cdn.baselinker.com/products/2000076/a27cdccf62962213d32f8e1b396f09e4.png";"https://upload.cdn.baselinker.com/products/2000076/e06fb3d7fb8224c7d9b5ab51de42838f.png";"https://upload.cdn.baselinker.com/products/2000076/465bfa15c62c649bd75c39a1e40320ae.png";"https://upload.cdn.baselinker.com/products/2000076/0ebd25d3e804344bccd1bf6d482aa10e.png";"https://upload.cdn.baselinker.com/products/2000076/1dc60145701920f15bd843bb017d7811.png";"https://upload.cdn.baselinker.com/products/2000076/bb2687cb72485d4c52cf9a83cb55ebae.png";"https://upload.cdn.baselinker.com/products/2000076/44f9780beda760d719cf8a608f7b5b69.jpg";"";"";"";"";"";"";"Moledo"
"61784714";"Stelaż do łóżka 80x200 premium płaski niski wkład pod materac";9947;"5905342269144";"PL80pro";"Stelaże Drewniane ";110.70;23%;11;"<section class=""section"">
        <div class=""item item-12"">
            <section class=""text-item"">
                <h1><p class=""MsoNormal"" style=""line-height: normal; background-image: initial; background-position: initial; background-size: initial; background-repeat: initial; background-attachment: initial; background-origin: initial; background-clip: initial;""><font color=""#000000""><b><span style=""font-size:18.0pt;font-family:"" open="""" sans"",sans-serif;mso-fareast-font-family:="""" ""times="""" new="""" roman"";color:#222222;mso-font-kerning:18.0pt;mso-fareast-language:="""" pl""="""">Stelaż do łóżka pod materac elastyczny serii premium płaski 79x199cm firmy Moledo<o:p></o:p></span></b></font></p>

<p class=""MsoNormal"" style=""mso-margin-top-alt:auto;mso-margin-bottom-alt:auto;
line-height:normal""><font color=""#000000""><span style=""font-size:12.0pt;font-family:"" times="""" new="""" roman"",serif;="""" mso-fareast-font-family:""times="""" roman"";mso-fareast-language:pl""="""">Stelaż
wykonany jest z 20 sprężystych (giętych) listew brzozowych, 40  uchwytów
zapobiegających skrzypieniu oraz mocnej poziomej ramy  ze sklejki
najlepszych polskich producentów. Cechuje go niezwykła wytrzymałość, trwałość i
wysoka elastyczność. Stelaż dzięki swoim właściwościom jest odpowiedni dla
materacy sprężynowych oraz piankowych. Zwiększa komfort snu, daje optymalne
podparcie i zapewnia odpowiednią wentylację powietrza dla materaca<o:p></o:p></span></font></p></h1>
            </section>
        </div>
        </section>";"<p class=""MsoNormal"" style=""mso-margin-top-alt:auto;mso-margin-bottom-alt:auto;
line-height:normal""><font color=""#000000""><span style=""font-size:12.0pt;font-family:"" times="""" new="""" roman"",serif;="""" mso-fareast-font-family:""times="""" roman"";mso-fareast-language:pl""="""">&nbsp;</span></font></p><p style=""background-image: initial; background-position: initial; background-size: initial; background-repeat: initial; background-attachment: initial; background-origin: initial; background-clip: initial;""><font color=""#000000""><b><span style=""font-family:"" open="""" sans"",sans-serif;="""" color:#222222""="""">Dane techniczne rozmiaru</span></b><span style=""font-family:
"" open="""" sans"",sans-serif;color:#222222""=""""> 80x200 :<o:p></o:p></span></font></p><p style=""background-image: initial; background-position: initial; background-size: initial; background-repeat: initial; background-attachment: initial; background-origin: initial; background-clip: initial;""><font color=""#000000""><span style=""font-family:"" open="""" sans"",sans-serif;="""" color:#222222""="""">·Długość&nbsp;<b>1990</b>&nbsp;mm<o:p></o:p></span></font></p><p style=""background-image: initial; background-position: initial; background-size: initial; background-repeat: initial; background-attachment: initial; background-origin: initial; background-clip: initial;""><font color=""#000000""><span style=""font-family:"" open="""" sans"",sans-serif;="""" color:#222222""="""">·Szerokość <b>790&nbsp;</b>mm&nbsp;<o:p></o:p></span></font></p><p style=""background-image: initial; background-position: initial; background-size: initial; background-repeat: initial; background-attachment: initial; background-origin: initial; background-clip: initial;""><font color=""#000000""><span style=""font-family:"" open="""" sans"",sans-serif;="""" color:#222222""="""">·Wysokość&nbsp;<b>36</b>&nbsp;mm<o:p></o:p></span></font></p><p style=""background-image: initial; background-position: initial; background-size: initial; background-repeat: initial; background-attachment: initial; background-origin: initial; background-clip: initial;""><font color=""#000000""><span style=""font-family:"" open="""" sans"",sans-serif;="""" color:#222222""="""">·Listwy gięte 53mm x 8mm&nbsp; profilowana sklejka<o:p></o:p></span></font></p><p style=""background-image: initial; background-position: initial; background-size: initial; background-repeat: initial; background-attachment: initial; background-origin: initial; background-clip: initial;""><font color=""#000000""><span style=""font-family:"" open="""" sans"",sans-serif;="""" color:#222222""="""">·Odstępy między listwami 38mm<o:p></o:p></span></font></p><p open="""" sans"",="""" sans-serif;="""" font-size:="""" 16px;""="""">













</p>";"<p open="""" sans"",="""" sans-serif;="""" font-size:="""" 16px;""=""""><font color=""#000000""><br></font></p><div class=""mp4t_16_s mryx_16_s mr3m_1 mli2_1 mh85_56 mh85_0_l""><div class=""mgn2_16 _0d3bd_5pK0q""><p><font color=""#000000""><b>Zalety</b><b>:</b></font></p>
<p><font color=""#000000"">- Wkłady elastyczne wydłużają żywotność materaca nawet o 25%</font></p>
<p><font color=""#000000"">- Profilowane listewki pozwalają lepiej pracować każdemu położonemu na nim materacowi dzięki zwiększonej elastyczności stelaża</font></p>
<p><font color=""#000000"">- Stelaż zapewnia odpowiednią cyrkulację powietrza dla materaca</font></p><p><font color=""#000000"">- <b>Bardzo niski stelaż, pasuje do wąskich boków łóżka  czy metalowych konstrukcji  oraz na podłogę</b></font></p>
<p><font color=""#000000"">- <b>W</b><b>ersja premium, na innej aukcji mamy wersję eko 15 listew</b><b><br></b></font></p><p><font color=""#000000""><b><br></b></font></p></div></div>";"";"";"https://upload.cdn.baselinker.com/products/2000076/dba1cb7a920542da036150d284ae4d57.png";"https://upload.cdn.baselinker.com/products/2000076/3ac4e0ca32188c665521c6626c6060ba.png";"https://upload.cdn.baselinker.com/products/2000076/eb1ac0fcef161db99e0d3f7ed4770543.png";"https://upload.cdn.baselinker.com/products/2000076/d52d1ea6a24d0da4ac3bf7b072c386a2.png";"https://upload.cdn.baselinker.com/products/2000076/f60a862746e0d437d30ec963667efa45.png";"https://upload.cdn.baselinker.com/products/2000076/8c5cf7c96459ef348a8b8617f3bc5266.png";"https://upload.cdn.baselinker.com/products/2000076/00312103ad9f421c105cd9b55208004e.png";"https://upload.cdn.baselinker.com/products/2000076/68e900e69e8fac8ed75fd62f82ab755f.png";"https://upload.cdn.baselinker.com/products/2000076/ccf9a71d06ba0d885e47715097466029.png";"https://upload.cdn.baselinker.com/products/2000076/7e96dff7a85da1f0837d3963b760fb0c.jpg";"";"";"";"";"";"";"Moledo"
"61784715";"Stelaż do łóżka 70x200 premium płaski niski wkład pod materac";9997;"5905342269151";"PL70pro";"Stelaże Drewniane ";119.31;23%;11;"<section class=""section"">
        <div class=""item item-12"">
            <section class=""text-item"">
                <h1><p class=""MsoNormal"" style=""line-height: normal; background-image: initial; background-position: initial; background-size: initial; background-repeat: initial; background-attachment: initial; background-origin: initial; background-clip: initial;""><b><span style=""font-size:18.0pt;font-family:"" open="""" sans"",sans-serif;mso-fareast-font-family:="""" ""times="""" new="""" roman"";color:#222222;mso-font-kerning:18.0pt;mso-fareast-language:="""" pl""="""">Stelaż do łóżka pod materac elastyczny serii premium płaski 69x199cm firmy Moledo<o:p></o:p></span></b></p>

<p class=""MsoNormal"" style=""mso-margin-top-alt:auto;mso-margin-bottom-alt:auto;
line-height:normal""><span style=""font-size:12.0pt;font-family:"" times="""" new="""" roman"",serif;="""" mso-fareast-font-family:""times="""" roman"";mso-fareast-language:pl""="""">Stelaż
wykonany jest z 20 sprężystych (giętych) listew brzozowych, 40  uchwytów
zapobiegających skrzypieniu oraz mocnej poziomej ramy  ze sklejki
najlepszych polskich producentów. Cechuje go niezwykła wytrzymałość, trwałość i
wysoka elastyczność. Stelaż dzięki swoim właściwościom jest odpowiedni dla
materacy sprężynowych oraz piankowych. Zwiększa komfort snu, daje optymalne
podparcie i zapewnia odpowiednią wentylację powietrza dla materaca<o:p></o:p></span></p></h1>
            </section>
        </div>
        </section>";"<p class=""MsoNormal"" style=""mso-margin-top-alt:auto;mso-margin-bottom-alt:auto;
line-height:normal""><span style=""font-size:12.0pt;font-family:"" times="""" new="""" roman"",serif;="""" mso-fareast-font-family:""times="""" roman"";mso-fareast-language:pl""=""""> </span></p><p style=""background-image: initial; background-position: initial; background-size: initial; background-repeat: initial; background-attachment: initial; background-origin: initial; background-clip: initial;""><b><span style=""font-family:"" open="""" sans"",sans-serif;="""" color:#222222""="""">Dane techniczne rozmiaru</span></b><span style=""font-family:
"" open="""" sans"",sans-serif;color:#222222""=""""> 70x200 :<o:p></o:p></span></p><p style=""background-image: initial; background-position: initial; background-size: initial; background-repeat: initial; background-attachment: initial; background-origin: initial; background-clip: initial;""><span style=""font-family:"" open="""" sans"",sans-serif;="""" color:#222222""="""">·Długość <b>1990</b> mm<o:p></o:p></span></p><p style=""background-image: initial; background-position: initial; background-size: initial; background-repeat: initial; background-attachment: initial; background-origin: initial; background-clip: initial;""><span style=""font-family:"" open="""" sans"",sans-serif;="""" color:#222222""="""">·Szerokość <b>690 </b>mm <o:p></o:p></span></p><p style=""background-image: initial; background-position: initial; background-size: initial; background-repeat: initial; background-attachment: initial; background-origin: initial; background-clip: initial;""><span style=""font-family:"" open="""" sans"",sans-serif;="""" color:#222222""="""">·Wysokość <b>36</b> mm<o:p></o:p></span></p><p style=""background-image: initial; background-position: initial; background-size: initial; background-repeat: initial; background-attachment: initial; background-origin: initial; background-clip: initial;""><span style=""font-family:"" open="""" sans"",sans-serif;="""" color:#222222""="""">·Listwy gięte 53mm x 8mm  profilowana sklejka<o:p></o:p></span></p><p style=""background-image: initial; background-position: initial; background-size: initial; background-repeat: initial; background-attachment: initial; background-origin: initial; background-clip: initial;""><span style=""font-family:"" open="""" sans"",sans-serif;="""" color:#222222""="""">·Odstępy między listwami 38mm<o:p></o:p></span></p><p style=""color: rgb(34, 34, 34); font-family: "" open="""" sans"",="""" sans-serif;="""" font-size:="""" 16px;""="""">













</p><p style=""background-image: initial; background-position: initial; background-size: initial; background-repeat: initial; background-attachment: initial; background-origin: initial; background-clip: initial;""><span style=""font-family:"" open="""" sans"",sans-serif;="""" color:#222222""=""""><br><o:p></o:p></span></p>";"<p style=""color: rgb(34, 34, 34); font-family: "" open="""" sans"",="""" sans-serif;="""" font-size:="""" 16px;""=""""><br></p><div class=""mp4t_16_s mryx_16_s mr3m_1 mli2_1 mh85_56 mh85_0_l""><div class=""mgn2_16 _0d3bd_5pK0q""><p><b>Zalety</b><b>:</b></p>
<p>- Wkłady elastyczne wydłużają żywotność materaca nawet o 25%</p>
<p>- Profilowane listewki pozwalają lepiej pracować każdemu położonemu na nim materacowi dzięki zwiększonej elastyczności stelaża</p>
<p>- Stelaż zapewnia odpowiednią cyrkulację powietrza dla materaca</p><p>- <b>Bardzo niski stelaż, pasuje do wąskich boków łóżka  czy metalowych konstrukcji  oraz na podłogę</b></p>
<p>- <b>W</b><b>ersja premium, na innej aukcji mamy wersję eko 15 listew</b><b><br></b></p><p><b><br></b></p></div></div>";"";"";"https://upload.cdn.baselinker.com/products/2000076/55a17c1675fd86b5500ff5c54525ca26.png";"https://upload.cdn.baselinker.com/products/2000076/5076c9ca8727f0507e2ebb9e37fb8359.png";"https://upload.cdn.baselinker.com/products/2000076/5277bd8b1d3ecaf0641528bb5b1f8658.png";"https://upload.cdn.baselinker.com/products/2000076/5570756dee887e5062951beec6116434.png";"https://upload.cdn.baselinker.com/products/2000076/653163665dc7cae584b554c6991c5b97.png";"https://upload.cdn.baselinker.com/products/2000076/5fe951c300cb3f8e2690f5d8c520d5de.png";"https://upload.cdn.baselinker.com/products/2000076/c8c5038ee93c9f90520d12e1351ed74b.png";"https://upload.cdn.baselinker.com/products/2000076/54f069a3095f7f9aa3b373a3ef009f1c.png";"https://upload.cdn.baselinker.com/products/2000076/878fd30119520b3376aa7c9ee91d96af.png";"https://upload.cdn.baselinker.com/products/2000076/a77fef6c9118b1b225fb93cd3fa12503.jpg";"";"";"";"";"";"";"Moledo"
"61784716";"Stelaż do łóżka 160x200 premium płaski niski wkład pod materac";9562;"5905342269069";"PL160pro";"Stelaże Drewniane ";174.66;23%;16;"<section class=""section"">
        <div class=""item item-12"">
            <section class=""text-item"">
                <h1><p class=""MsoNormal"" style=""line-height: normal; background-image: initial; background-position: initial; background-size: initial; background-repeat: initial; background-attachment: initial; background-origin: initial; background-clip: initial;""><b><span style=""font-size:18.0pt;font-family:"" open="""" sans"",sans-serif;mso-fareast-font-family:="""" ""times="""" new="""" roman"";color:#222222;mso-font-kerning:18.0pt;mso-fareast-language:="""" pl""="""">Stelaż do łóżka pod materac elastyczny serii premium płaski 159x199cm firmy Moledo<o:p></o:p></span></b></p>

<p class=""MsoNormal"" style=""mso-margin-top-alt:auto;mso-margin-bottom-alt:auto;
line-height:normal""><span style=""font-size:12.0pt;font-family:"" times="""" new="""" roman"",serif;="""" mso-fareast-font-family:""times="""" roman"";mso-fareast-language:pl""="""">Stelaż
wykonany jest z 40 sprężystych (giętych) listew brzozowych, 80  uchwytów
zapobiegających skrzypieniu oraz mocnej poziomej ramy  ze sklejki
najlepszych polskich producentów. Cechuje go niezwykła wytrzymałość, trwałość i
wysoka elastyczność. Stelaż dzięki swoim właściwościom jest odpowiedni dla
materacy sprężynowych oraz piankowych. Zwiększa komfort snu, daje optymalne
podparcie i zapewnia odpowiednią wentylację powietrza dla materaca<o:p></o:p></span></p></h1>
            </section>
        </div>
        </section>";"<p class=""MsoNormal"" style=""mso-margin-top-alt:auto;mso-margin-bottom-alt:auto;
line-height:normal""><span style=""font-size:12.0pt;font-family:"" times="""" new="""" roman"",serif;="""" mso-fareast-font-family:""times="""" roman"";mso-fareast-language:pl""=""""> </span><b><span style=""font-family:"" open="""" sans"",sans-serif;="""" color:#222222""="""">Dane techniczne rozmiaru</span></b><span style=""font-family:
"" open="""" sans"",sans-serif;color:#222222""=""""> 160x200 :<o:p></o:p></span></p><p style=""background-image: initial; background-position: initial; background-size: initial; background-repeat: initial; background-attachment: initial; background-origin: initial; background-clip: initial;""><span style=""font-family:"" open="""" sans"",sans-serif;="""" color:#222222""="""">·Długość <b>1990</b> mm<o:p></o:p></span></p><p style=""background-image: initial; background-position: initial; background-size: initial; background-repeat: initial; background-attachment: initial; background-origin: initial; background-clip: initial;""><span style=""font-family:"" open="""" sans"",sans-serif;="""" color:#222222""="""">·Szerokość <b>1590 </b>mm <o:p></o:p></span></p><p style=""background-image: initial; background-position: initial; background-size: initial; background-repeat: initial; background-attachment: initial; background-origin: initial; background-clip: initial;""><span style=""font-family:"" open="""" sans"",sans-serif;="""" color:#222222""="""">·Wysokość <b>36</b> mm<o:p></o:p></span></p><p style=""background-image: initial; background-position: initial; background-size: initial; background-repeat: initial; background-attachment: initial; background-origin: initial; background-clip: initial;""><span style=""font-family:"" open="""" sans"",sans-serif;="""" color:#222222""="""">·Listwy gięte 53mm x 8mm  profilowana sklejka<o:p></o:p></span></p><p style=""background-image: initial; background-position: initial; background-size: initial; background-repeat: initial; background-attachment: initial; background-origin: initial; background-clip: initial;""><span style=""font-family:"" open="""" sans"",sans-serif;="""" color:#222222""="""">·Odstępy między listwami 38mm<o:p></o:p></span></p><p style=""color: rgb(34, 34, 34); font-family: "" open="""" sans"",="""" sans-serif;="""" font-size:="""" 16px;""="""">













</p><p style=""background-image: initial; background-position: initial; background-size: initial; background-repeat: initial; background-attachment: initial; background-origin: initial; background-clip: initial;""><span style=""font-family:"" open="""" sans"",sans-serif;="""" color:#222222""="""">-<b>Dostępny każdy rozmiar</b><o:p></o:p></span></p>";"<p style=""color: rgb(34, 34, 34); font-family: "" open="""" sans"",="""" sans-serif;="""" font-size:="""" 16px;""=""""><b>Zalety</b><b>:</b></p><div class=""mp4t_16_s mryx_16_s mr3m_1 mli2_1 mh85_56 mh85_0_l""><div class=""mgn2_16 _0d3bd_5pK0q"">
<p>- Wkłady elastyczne wydłużają żywotność materaca nawet o 25%</p>
<p>- Profilowane listewki pozwalają lepiej pracować każdemu położonemu na nim materacowi dzięki zwiększonej elastyczności stelaża</p>
<p>- Stelaż zapewnia odpowiednią cyrkulację powietrza dla materaca</p><p>- <b>Bardzo niski stelaż, pasuje do wąskich boków łóżka  czy metalowych konstrukcji  oraz na podłogę</b></p>
<p>- <b>W</b><b>ersja premium, na innej aukcji mamy wersję eko 30 listew lub premium plus 44 </b><b>listwy <br></b></p><p><b><br></b></p></div></div>";"";"";"https://upload.cdn.baselinker.com/products/2000076/b33b81ad0ff62aeb8a0133bace1ac97a.png";"https://upload.cdn.baselinker.com/products/2000076/be2b784d73d31ba54e208a5e29181c05.png";"https://upload.cdn.baselinker.com/products/2000076/ebe1540dddec194cbbbbb52029ab4ead.png";"https://upload.cdn.baselinker.com/products/2000076/93a90fc60d65b05307ff129fbab194f7.png";"https://upload.cdn.baselinker.com/products/2000076/608c46c26ae1652038c4665a3c09d8f2.png";"https://upload.cdn.baselinker.com/products/2000076/e6ef393d01f25fdd1d45f93a8c061fea.png";"https://upload.cdn.baselinker.com/products/2000076/bf7042308b1fd9052a5278ef2c75aa1e.png";"https://upload.cdn.baselinker.com/products/2000076/29df29b855f76a7e9212a8853ecf6fd2.png";"https://upload.cdn.baselinker.com/products/2000076/776e046e74fe347539174920e90c457c.jpg";"";"";"";"";"";"";"";"Moledo"
"61784717";"Stelaż do łóżka 140x200 premium płaski niski wkład pod materac";9782;"5905342269052";"PL140pro";"Stelaże Drewniane ";168.51;23%;16;"<section class=""section"">
        <div class=""item item-12"">
            <section class=""text-item"">
                <h1><p class=""MsoNormal"" style=""line-height: normal; background-image: initial; background-position: initial; background-size: initial; background-repeat: initial; background-attachment: initial; background-origin: initial; background-clip: initial;""><font color=""#000000""><b><span style=""font-size:18.0pt;font-family:"" open="""" sans"",sans-serif;mso-fareast-font-family:="""" ""times="""" new="""" roman"";color:#222222;mso-font-kerning:18.0pt;mso-fareast-language:="""" pl""="""">Stelaż do łóżka pod materac elastyczny serii premium płaski 139x199cm firmy Moledo<o:p></o:p></span></b></font></p>

<p class=""MsoNormal"" style=""mso-margin-top-alt:auto;mso-margin-bottom-alt:auto;
line-height:normal""><font color=""#000000""><span style=""font-size:12.0pt;font-family:"" times="""" new="""" roman"",serif;="""" mso-fareast-font-family:""times="""" roman"";mso-fareast-language:pl""="""">Stelaż
wykonany jest z 40 sprężystych (giętych) listew brzozowych, 80  uchwytów
zapobiegających skrzypieniu oraz mocnej poziomej ramy  ze sklejki
najlepszych polskich producentów. Cechuje go niezwykła wytrzymałość, trwałość i
wysoka elastyczność. Stelaż dzięki swoim właściwościom jest odpowiedni dla
materacy sprężynowych oraz piankowych. Zwiększa komfort snu, daje optymalne
podparcie i zapewnia odpowiednią wentylację powietrza dla materaca<o:p></o:p></span></font></p></h1>
            </section>
        </div>
        </section>";"<p class=""MsoNormal"" style=""mso-margin-top-alt:auto;mso-margin-bottom-alt:auto;
line-height:normal""><span style=""font-size:12.0pt;font-family:"" times="""" new="""" roman"",serif;="""" mso-fareast-font-family:""times="""" roman"";mso-fareast-language:pl""=""""> </span></p><p style=""background-image: initial; background-position: initial; background-size: initial; background-repeat: initial; background-attachment: initial; background-origin: initial; background-clip: initial;""><font color=""#000000""><b><span style=""font-family:"" open="""" sans"",sans-serif;="""" color:#222222""="""">Dane techniczne rozmiaru</span></b><span style=""font-family:
"" open="""" sans"",sans-serif;color:#222222""=""""> 140x200 :<o:p></o:p></span></font></p><p style=""background-image: initial; background-position: initial; background-size: initial; background-repeat: initial; background-attachment: initial; background-origin: initial; background-clip: initial;""><font color=""#000000""><span style=""font-family:"" open="""" sans"",sans-serif;="""" color:#222222""="""">·Długość <b>1990</b> mm<o:p></o:p></span></font></p><p style=""background-image: initial; background-position: initial; background-size: initial; background-repeat: initial; background-attachment: initial; background-origin: initial; background-clip: initial;""><font color=""#000000""><span style=""font-family:"" open="""" sans"",sans-serif;="""" color:#222222""="""">·Szerokość <b>1390 </b>mm <o:p></o:p></span></font></p><p style=""background-image: initial; background-position: initial; background-size: initial; background-repeat: initial; background-attachment: initial; background-origin: initial; background-clip: initial;""><font color=""#000000""><span style=""font-family:"" open="""" sans"",sans-serif;="""" color:#222222""="""">·Wysokość <b>36</b> mm<o:p></o:p></span></font></p><p style=""background-image: initial; background-position: initial; background-size: initial; background-repeat: initial; background-attachment: initial; background-origin: initial; background-clip: initial;""><font color=""#000000""><span style=""font-family:"" open="""" sans"",sans-serif;="""" color:#222222""="""">·Listwy gięte 53mm x 8mm  profilowana sklejka<o:p></o:p></span></font></p><p style=""background-image: initial; background-position: initial; background-size: initial; background-repeat: initial; background-attachment: initial; background-origin: initial; background-clip: initial;""><font color=""#000000""><span style=""font-family:"" open="""" sans"",sans-serif;="""" color:#222222""="""">·Odstępy między listwami 38mm<o:p></o:p></span></font></p><p open="""" sans"",="""" sans-serif;="""" font-size:="""" 16px;""="""">













</p><p style=""background-image: initial; background-position: initial; background-size: initial; background-repeat: initial; background-attachment: initial; background-origin: initial; background-clip: initial;""><span style=""font-family:"" open="""" sans"",sans-serif;="""" color:#222222""=""""><font color=""#000000"">-<b>Dostępny każdy rozmiar</b></font><o:p></o:p></span></p>";"<p style=""color: rgb(34, 34, 34); font-family: "" open="""" sans"",="""" sans-serif;="""" font-size:="""" 16px;""=""""><br></p><div class=""mp4t_16_s mryx_16_s mr3m_1 mli2_1 mh85_56 mh85_0_l""><div class=""mgn2_16 _0d3bd_5pK0q""><p><b>Zalety</b><b>:</b></p>
<p>- Wkłady elastyczne wydłużają żywotność materaca nawet o 25%</p>
<p>- Profilowane listewki pozwalają lepiej pracować każdemu położonemu na nim materacowi dzięki zwiększonej elastyczności stelaża</p>
<p>- Stelaż zapewnia odpowiednią cyrkulację powietrza dla materaca</p><p>- <b>Bardzo niski stelaż, pasuje do wąskich boków łóżka  czy metalowych konstrukcji  oraz na podłogę</b></p>
<p><b><br></b></p><p><b><br></b></p></div></div>";"";"";"https://upload.cdn.baselinker.com/products/2000076/97835117dd24a1f6d0370d2598b0842c.png";"https://upload.cdn.baselinker.com/products/2000076/ebecbf2c487c70aba6e68beebf658f65.png";"https://upload.cdn.baselinker.com/products/2000076/1afe30750af91c89335c1b89f27933bb.png";"https://upload.cdn.baselinker.com/products/2000076/c484d011af5dea23797f9a3b9fb821ed.png";"https://upload.cdn.baselinker.com/products/2000076/67fdc802e40c0404bcd1a91ca222185a.png";"https://upload.cdn.baselinker.com/products/2000076/485149a7365ffd9199d7bfb5c08072fc.png";"https://upload.cdn.baselinker.com/products/2000076/52b9d361d6688c9baad9ff3b5a8073e6.png";"https://upload.cdn.baselinker.com/products/2000076/ef46d1335cb1c80a61ef7b0957b194cb.png";"https://upload.cdn.baselinker.com/products/2000076/40c491c24db735cde93b48ffc9ccb39b.jpg";"";"";"";"";"";"";"";"Moledo"
"61784718";"Stelaż do łóżka 130x200 premium płaski niski wkład pod materac";9974;"5905342269090";"PL130pro";"Stelaże Drewniane ";168.51;23%;16;"<section class=""section"">
        <div class=""item item-12"">
            <section class=""text-item"">
                <h1><p class=""MsoNormal"" style=""line-height: normal; background-image: initial; background-position: initial; background-size: initial; background-repeat: initial; background-attachment: initial; background-origin: initial; background-clip: initial;""><font color=""#000000""><b><span style=""font-size:18.0pt;font-family:"" open="""" sans"",sans-serif;mso-fareast-font-family:="""" ""times="""" new="""" roman"";color:#222222;mso-font-kerning:18.0pt;mso-fareast-language:="""" pl""="""">Stelaż do łóżka pod materac elastyczny serii premium płaski 129x199cm firmy Moledo<o:p></o:p></span></b></font></p>

<p class=""MsoNormal"" style=""mso-margin-top-alt:auto;mso-margin-bottom-alt:auto;
line-height:normal""><span style=""font-size:12.0pt;font-family:"" times="""" new="""" roman"",serif;="""" mso-fareast-font-family:""times="""" roman"";mso-fareast-language:pl""=""""><font color=""#000000"">Stelaż
wykonany jest z 40 sprężystych (giętych) listew brzozowych, 80  uchwytów
zapobiegających skrzypieniu oraz mocnej poziomej ramy  ze sklejki
najlepszych polskich producentów. Cechuje go niezwykła wytrzymałość, trwałość i
wysoka elastyczność. Stelaż dzięki swoim właściwościom jest odpowiedni dla
materacy sprężynowych oraz piankowych. Zwiększa komfort snu, daje optymalne
podparcie i zapewnia odpowiednią wentylację powietrza dla materaca</font><o:p></o:p></span></p></h1>
            </section>
        </div>
        </section>";"<p class=""MsoNormal"" style=""mso-margin-top-alt:auto;mso-margin-bottom-alt:auto;
line-height:normal""><span style=""font-size:12.0pt;font-family:"" times="""" new="""" roman"",serif;="""" mso-fareast-font-family:""times="""" roman"";mso-fareast-language:pl""=""""> </span></p><p style=""background-image: initial; background-position: initial; background-size: initial; background-repeat: initial; background-attachment: initial; background-origin: initial; background-clip: initial;""><font color=""#000000""><b><span style=""font-family:"" open="""" sans"",sans-serif;="""" color:#222222""="""">Dane techniczne rozmiaru</span></b><span style=""font-family:
"" open="""" sans"",sans-serif;color:#222222""=""""> 130x200 :<o:p></o:p></span></font></p><p style=""background-image: initial; background-position: initial; background-size: initial; background-repeat: initial; background-attachment: initial; background-origin: initial; background-clip: initial;""><font color=""#000000""><span style=""font-family:"" open="""" sans"",sans-serif;="""" color:#222222""="""">·Długość <b>1990</b> mm<o:p></o:p></span></font></p><p style=""background-image: initial; background-position: initial; background-size: initial; background-repeat: initial; background-attachment: initial; background-origin: initial; background-clip: initial;""><font color=""#000000""><span style=""font-family:"" open="""" sans"",sans-serif;="""" color:#222222""="""">·Szerokość <b>1290 </b>mm <o:p></o:p></span></font></p><p style=""background-image: initial; background-position: initial; background-size: initial; background-repeat: initial; background-attachment: initial; background-origin: initial; background-clip: initial;""><font color=""#000000""><span style=""font-family:"" open="""" sans"",sans-serif;="""" color:#222222""="""">·Wysokość <b>36</b> mm<o:p></o:p></span></font></p><p style=""background-image: initial; background-position: initial; background-size: initial; background-repeat: initial; background-attachment: initial; background-origin: initial; background-clip: initial;""><font color=""#000000""><span style=""font-family:"" open="""" sans"",sans-serif;="""" color:#222222""="""">·Listwy gięte 53mm x 8mm  profilowana sklejka<o:p></o:p></span></font></p><p style=""background-image: initial; background-position: initial; background-size: initial; background-repeat: initial; background-attachment: initial; background-origin: initial; background-clip: initial;""><font color=""#000000""><span style=""font-family:"" open="""" sans"",sans-serif;="""" color:#222222""="""">·Odstępy między listwami 38mm<o:p></o:p></span></font></p><p open="""" sans"",="""" sans-serif;="""" font-size:="""" 16px;""="""">













</p><p style=""background-image: initial; background-position: initial; background-size: initial; background-repeat: initial; background-attachment: initial; background-origin: initial; background-clip: initial;""><span style=""font-family:"" open="""" sans"",sans-serif;="""" color:#222222""=""""><font color=""#000000"">-<b>Dostępny każdy rozmiar</b></font><o:p></o:p></span></p>";"<p style=""color: rgb(34, 34, 34); font-family: "" open="""" sans"",="""" sans-serif;="""" font-size:="""" 16px;""=""""><br></p><div class=""mp4t_16_s mryx_16_s mr3m_1 mli2_1 mh85_56 mh85_0_l""><div class=""mgn2_16 _0d3bd_5pK0q""><p><font color=""#000000""><b>Zalety</b><b>:</b></font></p>
<p><font color=""#000000"">- Wkłady elastyczne wydłużają żywotność materaca nawet o 25%</font></p>
<p><font color=""#000000"">- Profilowane listewki pozwalają lepiej pracować każdemu położonemu na nim materacowi dzięki zwiększonej elastyczności stelaża</font></p>
<p><font color=""#000000"">- Stelaż zapewnia odpowiednią cyrkulację powietrza dla materaca</font></p><p><font color=""#000000"">- <b>Bardzo niski stelaż, pasuje do wąskich boków łóżka  czy metalowych konstrukcji  oraz na podłogę</b></font></p>
<p><font color=""#000000""><b><br></b></font></p><p><font color=""#000000""><b><br></b></font></p></div></div>";"";"";"https://upload.cdn.baselinker.com/products/2000076/3fda3c6bc95ad67677c8ef0298406db3.png";"https://upload.cdn.baselinker.com/products/2000076/dcfb28297b0d6805a8aa95d61635168b.png";"https://upload.cdn.baselinker.com/products/2000076/03d87424add5352053a11ce50f020915.png";"https://upload.cdn.baselinker.com/products/2000076/39ae6899b8295e2682c5214ccde7f628.png";"https://upload.cdn.baselinker.com/products/2000076/6bb2cf33c98f188bbac793d20a39b3ae.png";"https://upload.cdn.baselinker.com/products/2000076/29eee03174d07fe67aebd8ca8c5f77f4.png";"https://upload.cdn.baselinker.com/products/2000076/2eddb130393e7307f9cfa5a295602a68.png";"https://upload.cdn.baselinker.com/products/2000076/42998850bf3bd3b134f5b1b6802ac804.png";"https://upload.cdn.baselinker.com/products/2000076/876d218bb5ba7fed67fe1d0a43318a27.jpg";"";"";"";"";"";"";"";"Moledo"
"61784719";"Stelaż do łóżka 120x200 premium płaski niski wkład pod materac";9872;"5905342269106";"PL120pro";"Stelaże Drewniane ";159.90;23%;16;"<section class=""section"">
        <div class=""item item-12"">
            <section class=""text-item"">
                <h1><p class=""MsoNormal"" style=""line-height: normal; background-image: initial; background-position: initial; background-size: initial; background-repeat: initial; background-attachment: initial; background-origin: initial; background-clip: initial;""><font color=""#000000""><b><span style=""font-size:18.0pt;font-family:"" open="""" sans"",sans-serif;mso-fareast-font-family:="""" ""times="""" new="""" roman"";color:#222222;mso-font-kerning:18.0pt;mso-fareast-language:="""" pl""="""">Stelaż do łóżka pod materac elastyczny serii premium płaski 119x199cm firmy Moledo<o:p></o:p></span></b></font></p>

<p class=""MsoNormal"" style=""mso-margin-top-alt:auto;mso-margin-bottom-alt:auto;
line-height:normal""><span style=""font-size:12.0pt;font-family:"" times="""" new="""" roman"",serif;="""" mso-fareast-font-family:""times="""" roman"";mso-fareast-language:pl""=""""><font color=""#000000"">Stelaż
wykonany jest z 40 sprężystych (giętych) listew brzozowych, 80  uchwytów
zapobiegających skrzypieniu oraz mocnej poziomej ramy  ze sklejki
najlepszych polskich producentów. Cechuje go niezwykła wytrzymałość, trwałość i
wysoka elastyczność. Stelaż dzięki swoim właściwościom jest odpowiedni dla
materacy sprężynowych oraz piankowych. Zwiększa komfort snu, daje optymalne
podparcie i zapewnia odpowiednią wentylację powietrza dla materaca</font><o:p></o:p></span></p></h1>
            </section>
        </div>
        </section>";"<p class=""MsoNormal"" style=""mso-margin-top-alt:auto;mso-margin-bottom-alt:auto;
line-height:normal""><font color=""#000000""><span style=""font-size:12.0pt;font-family:"" times="""" new="""" roman"",serif;="""" mso-fareast-font-family:""times="""" roman"";mso-fareast-language:pl""=""""> </span></font></p><p style=""background-image: initial; background-position: initial; background-size: initial; background-repeat: initial; background-attachment: initial; background-origin: initial; background-clip: initial;""><font color=""#000000""><b><span style=""font-family:"" open="""" sans"",sans-serif;="""" color:#222222""="""">Dane techniczne rozmiaru</span></b><span style=""font-family:
"" open="""" sans"",sans-serif;color:#222222""=""""> 120x200 :<o:p></o:p></span></font></p><p style=""background-image: initial; background-position: initial; background-size: initial; background-repeat: initial; background-attachment: initial; background-origin: initial; background-clip: initial;""><font color=""#000000""><span style=""font-family:"" open="""" sans"",sans-serif;="""" color:#222222""="""">·Długość <b>1990</b> mm<o:p></o:p></span></font></p><p style=""background-image: initial; background-position: initial; background-size: initial; background-repeat: initial; background-attachment: initial; background-origin: initial; background-clip: initial;""><font color=""#000000""><span style=""font-family:"" open="""" sans"",sans-serif;="""" color:#222222""="""">·Szerokość <b>1190 </b>mm <o:p></o:p></span></font></p><p style=""background-image: initial; background-position: initial; background-size: initial; background-repeat: initial; background-attachment: initial; background-origin: initial; background-clip: initial;""><font color=""#000000""><span style=""font-family:"" open="""" sans"",sans-serif;="""" color:#222222""="""">·Wysokość <b>36</b> mm<o:p></o:p></span></font></p><p style=""background-image: initial; background-position: initial; background-size: initial; background-repeat: initial; background-attachment: initial; background-origin: initial; background-clip: initial;""><font color=""#000000""><span style=""font-family:"" open="""" sans"",sans-serif;="""" color:#222222""="""">·Listwy gięte 53mm x 8mm  profilowana sklejka<o:p></o:p></span></font></p><p style=""background-image: initial; background-position: initial; background-size: initial; background-repeat: initial; background-attachment: initial; background-origin: initial; background-clip: initial;""><font color=""#000000""><span style=""font-family:"" open="""" sans"",sans-serif;="""" color:#222222""="""">·Odstępy między listwami 38mm<o:p></o:p></span></font></p><p open="""" sans"",="""" sans-serif;="""" font-size:="""" 16px;""="""">













</p><p style=""background-image: initial; background-position: initial; background-size: initial; background-repeat: initial; background-attachment: initial; background-origin: initial; background-clip: initial;""><span style=""font-family:"" open="""" sans"",sans-serif;="""" color:#222222""=""""><font color=""#000000"">-<b>Dostępny każdy rozmiar</b></font><o:p></o:p></span></p>";"<p style=""color: rgb(34, 34, 34); font-family: "" open="""" sans"",="""" sans-serif;="""" font-size:="""" 16px;""=""""><br></p><div class=""mp4t_16_s mryx_16_s mr3m_1 mli2_1 mh85_56 mh85_0_l""><div class=""mgn2_16 _0d3bd_5pK0q""><p><b>Zalety</b><b>:</b></p>
<p>- Wkłady elastyczne wydłużają żywotność materaca nawet o 25%</p>
<p>- Profilowane listewki pozwalają lepiej pracować każdemu położonemu na nim materacowi dzięki zwiększonej elastyczności stelaża</p>
<p>- Stelaż zapewnia odpowiednią cyrkulację powietrza dla materaca</p><p>- <b>Bardzo niski stelaż, pasuje do wąskich boków łóżka  czy metalowych konstrukcji  oraz na podłogę</b></p>
<p><b><br></b></p><p><b><br></b></p></div></div>";"";"";"https://upload.cdn.baselinker.com/products/2000076/b386af85217aa7bb0bd3fb9e3420240f.png";"https://upload.cdn.baselinker.com/products/2000076/c776e8a696afdad535adfa00e8ea9452.png";"https://upload.cdn.baselinker.com/products/2000076/6922287b445ad73d88593b50546ff462.png";"https://upload.cdn.baselinker.com/products/2000076/fda0ba80907e57032b6868e3dbb26e6b.png";"https://upload.cdn.baselinker.com/products/2000076/ff08ea4176de5bd0d294ad61f0243f36.png";"https://upload.cdn.baselinker.com/products/2000076/5ecb8c7563a5a2ce5fb24d9feb74943b.png";"https://upload.cdn.baselinker.com/products/2000076/efd5ed40d3e7e47e0b0cbe0082a06b92.png";"https://upload.cdn.baselinker.com/products/2000076/231f37ee3afef3c6dce5f0768bfcebd1.png";"https://upload.cdn.baselinker.com/products/2000076/09bc1ae3a174a42ba938754b67809f00.jpg";"";"";"";"";"";"";"";"Moledo"
"61784720";"Stelaż do łóżka 110x200 premium płaski niski wkład pod materac";9989;"5905342269113";"PL110pro";"Stelaże Drewniane ";159.90;23%;16;"<section class=""section"">
        <div class=""item item-12"">
            <section class=""text-item"">
                <h1><p class=""MsoNormal"" style=""line-height: normal; background-image: initial; background-position: initial; background-size: initial; background-repeat: initial; background-attachment: initial; background-origin: initial; background-clip: initial;""><font color=""#000000""><b><span style=""font-size:18.0pt;font-family:"" open="""" sans"",sans-serif;mso-fareast-font-family:="""" ""times="""" new="""" roman"";color:#222222;mso-font-kerning:18.0pt;mso-fareast-language:="""" pl""="""">Stelaż do łóżka pod materac elastyczny serii premium płaski 109x199cm firmy Moledo<o:p></o:p></span></b></font></p>

<p class=""MsoNormal"" style=""mso-margin-top-alt:auto;mso-margin-bottom-alt:auto;
line-height:normal""><span style=""font-size:12.0pt;font-family:"" times="""" new="""" roman"",serif;="""" mso-fareast-font-family:""times="""" roman"";mso-fareast-language:pl""=""""><font color=""#000000"">Stelaż
wykonany jest z 40 sprężystych (giętych) listew brzozowych, 80  uchwytów
zapobiegających skrzypieniu oraz mocnej poziomej ramy  ze sklejki
najlepszych polskich producentów. Cechuje go niezwykła wytrzymałość, trwałość i
wysoka elastyczność. Stelaż dzięki swoim właściwościom jest odpowiedni dla
materacy sprężynowych oraz piankowych. Zwiększa komfort snu, daje optymalne
podparcie i zapewnia odpowiednią wentylację powietrza dla materaca</font><o:p></o:p></span></p></h1>
            </section>
        </div>
        </section>";"<p class=""MsoNormal"" style=""mso-margin-top-alt:auto;mso-margin-bottom-alt:auto;
line-height:normal""><font color=""#000000""><span style=""font-size:12.0pt;font-family:"" times="""" new="""" roman"",serif;="""" mso-fareast-font-family:""times="""" roman"";mso-fareast-language:pl""=""""> </span><b><span style=""font-family:"" open="""" sans"",sans-serif;="""" color:#222222""="""">Dane techniczne rozmiaru</span></b><span style=""font-family:
"" open="""" sans"",sans-serif;color:#222222""=""""> 110x200 :<o:p></o:p></span></font></p><p style=""background-image: initial; background-position: initial; background-size: initial; background-repeat: initial; background-attachment: initial; background-origin: initial; background-clip: initial;""><font color=""#000000""><span style=""font-family:"" open="""" sans"",sans-serif;="""" color:#222222""="""">·Długość <b>1990</b> mm<o:p></o:p></span></font></p><p style=""background-image: initial; background-position: initial; background-size: initial; background-repeat: initial; background-attachment: initial; background-origin: initial; background-clip: initial;""><font color=""#000000""><span style=""font-family:"" open="""" sans"",sans-serif;="""" color:#222222""="""">·Szerokość <b>1090 </b>mm <o:p></o:p></span></font></p><p style=""background-image: initial; background-position: initial; background-size: initial; background-repeat: initial; background-attachment: initial; background-origin: initial; background-clip: initial;""><font color=""#000000""><span style=""font-family:"" open="""" sans"",sans-serif;="""" color:#222222""="""">·Wysokość <b>36</b> mm<o:p></o:p></span></font></p><p style=""background-image: initial; background-position: initial; background-size: initial; background-repeat: initial; background-attachment: initial; background-origin: initial; background-clip: initial;""><font color=""#000000""><span style=""font-family:"" open="""" sans"",sans-serif;="""" color:#222222""="""">·Listwy gięte 53mm x 8mm  profilowana sklejka<o:p></o:p></span></font></p><p style=""background-image: initial; background-position: initial; background-size: initial; background-repeat: initial; background-attachment: initial; background-origin: initial; background-clip: initial;""><font color=""#000000""><span style=""font-family:"" open="""" sans"",sans-serif;="""" color:#222222""="""">·Odstępy między listwami 38mm<o:p></o:p></span></font></p><p open="""" sans"",="""" sans-serif;="""" font-size:="""" 16px;""="""">













</p><p style=""background-image: initial; background-position: initial; background-size: initial; background-repeat: initial; background-attachment: initial; background-origin: initial; background-clip: initial;""><span style=""font-family:"" open="""" sans"",sans-serif;="""" color:#222222""=""""><font color=""#000000"">-<b>Dostępny każdy rozmiar</b></font><o:p></o:p></span></p>";"<p style=""color: rgb(34, 34, 34); font-family: "" open="""" sans"",="""" sans-serif;="""" font-size:="""" 16px;""=""""><br></p><div class=""mp4t_16_s mryx_16_s mr3m_1 mli2_1 mh85_56 mh85_0_l""><div class=""mgn2_16 _0d3bd_5pK0q""><p><b>Zalety</b><b>:</b></p>
<p>- Wkłady elastyczne wydłużają żywotność materaca nawet o 25%</p>
<p>- Profilowane listewki pozwalają lepiej pracować każdemu położonemu na nim materacowi dzięki zwiększonej elastyczności stelaża</p>
<p>- Stelaż zapewnia odpowiednią cyrkulację powietrza dla materaca</p><p>- <b>Bardzo niski stelaż, pasuje do wąskich boków łóżka  czy metalowych konstrukcji  oraz na podłogę</b></p>
<p><b><br></b></p><p><b><br></b></p></div></div>";"";"";"https://upload.cdn.baselinker.com/products/2000076/e30dec3c121f40884eb9f79ac36cd4e4.png";"https://upload.cdn.baselinker.com/products/2000076/9820a7dbbb177239cc983f88d4cc2d72.png";"https://upload.cdn.baselinker.com/products/2000076/fd7aefcb35e39305f528d598bcf2acc7.png";"https://upload.cdn.baselinker.com/products/2000076/61b09237c5268cf8ca0179f088006b5c.png";"https://upload.cdn.baselinker.com/products/2000076/282eebad079343a14c51394fec8a41c7.png";"https://upload.cdn.baselinker.com/products/2000076/2cadac3cc8455022c329b2baa179dc52.png";"https://upload.cdn.baselinker.com/products/2000076/4d2959b811ed8f65fb652060716e7780.png";"https://upload.cdn.baselinker.com/products/2000076/ad1936d8f0df0041855f128fce627973.png";"https://upload.cdn.baselinker.com/products/2000076/f161cbbde7066db419517ce32cbe8a29.jpg";"";"";"";"";"";"";"";"Moledo"
"61784721";"Stelaż do łóżka 180x200 premium płaski niski wkład pod materac";9866;"5905342269076";"PL180pro";"Stelaże Drewniane ";185.73;23%;16;"<section class=""section"">
        <div class=""item item-12"">
            <section class=""text-item"">
                <h1><p class=""MsoNormal"" style=""line-height: normal; background-image: initial; background-position: initial; background-size: initial; background-repeat: initial; background-attachment: initial; background-origin: initial; background-clip: initial;""><font color=""#000000""><b><span style=""font-size:18.0pt;font-family:"" open="""" sans"",sans-serif;mso-fareast-font-family:="""" ""times="""" new="""" roman"";color:#222222;mso-font-kerning:18.0pt;mso-fareast-language:="""" pl""="""">Stelaż do łóżka pod materac elastyczny serii premium płaski 179x199cm firmy Moledo<o:p></o:p></span></b></font></p>

<p class=""MsoNormal"" style=""mso-margin-top-alt:auto;mso-margin-bottom-alt:auto;
line-height:normal""><font color=""#000000""><span style=""font-size:12.0pt;font-family:"" times="""" new="""" roman"",serif;="""" mso-fareast-font-family:""times="""" roman"";mso-fareast-language:pl""="""">Stelaż
wykonany jest z 40 sprężystych (giętych) listew brzozowych, 80  uchwytów
zapobiegających skrzypieniu oraz mocnej poziomej ramy  ze sklejki
najlepszych polskich producentów. Cechuje go niezwykła wytrzymałość, trwałość i
wysoka elastyczność. Stelaż dzięki swoim właściwościom jest odpowiedni dla
materacy sprężynowych oraz piankowych. Zwiększa komfort snu, daje optymalne
podparcie i zapewnia odpowiednią wentylację powietrza dla materaca<o:p></o:p></span></font></p></h1>
            </section>
        </div>
        </section>";"<p class=""MsoNormal"" style=""mso-margin-top-alt:auto;mso-margin-bottom-alt:auto;
line-height:normal""><font color=""#000000""><span style=""font-size:12.0pt;font-family:"" times="""" new="""" roman"",serif;="""" mso-fareast-font-family:""times="""" roman"";mso-fareast-language:pl""=""""> </span></font></p><p style=""background-image: initial; background-position: initial; background-size: initial; background-repeat: initial; background-attachment: initial; background-origin: initial; background-clip: initial;""><font color=""#000000""><b><span style=""font-family:"" open="""" sans"",sans-serif;="""" color:#222222""="""">Dane techniczne rozmiaru</span></b><span style=""font-family:
"" open="""" sans"",sans-serif;color:#222222""=""""> 180x200 :<o:p></o:p></span></font></p><p style=""background-image: initial; background-position: initial; background-size: initial; background-repeat: initial; background-attachment: initial; background-origin: initial; background-clip: initial;""><font color=""#000000""><span style=""font-family:"" open="""" sans"",sans-serif;="""" color:#222222""="""">·Długość <b>1990</b> mm<o:p></o:p></span></font></p><p style=""background-image: initial; background-position: initial; background-size: initial; background-repeat: initial; background-attachment: initial; background-origin: initial; background-clip: initial;""><font color=""#000000""><span style=""font-family:"" open="""" sans"",sans-serif;="""" color:#222222""="""">·Szerokość <b>1790 </b>mm <o:p></o:p></span></font></p><p style=""background-image: initial; background-position: initial; background-size: initial; background-repeat: initial; background-attachment: initial; background-origin: initial; background-clip: initial;""><font color=""#000000""><span style=""font-family:"" open="""" sans"",sans-serif;="""" color:#222222""="""">·Wysokość <b>36</b> mm<o:p></o:p></span></font></p><p style=""background-image: initial; background-position: initial; background-size: initial; background-repeat: initial; background-attachment: initial; background-origin: initial; background-clip: initial;""><font color=""#000000""><span style=""font-family:"" open="""" sans"",sans-serif;="""" color:#222222""="""">·Listwy gięte 53mm x 8mm  profilowana sklejka<o:p></o:p></span></font></p><p style=""background-image: initial; background-position: initial; background-size: initial; background-repeat: initial; background-attachment: initial; background-origin: initial; background-clip: initial;""><font color=""#000000""><span style=""font-family:"" open="""" sans"",sans-serif;="""" color:#222222""="""">·Odstępy między listwami 38mm<o:p></o:p></span></font></p><p open="""" sans"",="""" sans-serif;="""" font-size:="""" 16px;""="""">













</p><p style=""background-image: initial; background-position: initial; background-size: initial; background-repeat: initial; background-attachment: initial; background-origin: initial; background-clip: initial;""><font color=""#000000""><span style=""font-family:"" open="""" sans"",sans-serif;="""" color:#222222""="""">-<b>Dostępny każdy rozmiar</b><o:p></o:p></span></font></p>";"<p open="""" sans"",="""" sans-serif;="""" font-size:="""" 16px;""=""""><font color=""#000000""><br></font></p><div class=""mp4t_16_s mryx_16_s mr3m_1 mli2_1 mh85_56 mh85_0_l""><div class=""mgn2_16 _0d3bd_5pK0q""><p><font color=""#000000""><b>Zalety</b><b>:</b></font></p>
<p><font color=""#000000"">- Wkłady elastyczne wydłużają żywotność materaca nawet o 25%</font></p>
<p><font color=""#000000"">- Profilowane listewki pozwalają lepiej pracować każdemu położonemu na nim materacowi dzięki zwiększonej elastyczności stelaża</font></p>
<p><font color=""#000000"">- Stelaż zapewnia odpowiednią cyrkulację powietrza dla materaca</font></p><p><font color=""#000000"">- <b>Bardzo niski stelaż, pasuje do wąskich boków łóżka  czy metalowych konstrukcji  oraz na podłogę</b></font></p>
<p><font color=""#000000""><b><br></b></font></p><p><font color=""#000000""><b><br></b></font></p></div></div>";"";"";"https://upload.cdn.baselinker.com/products/2000076/7b9dc756262c1fc191f2af282a077fb3.png";"https://upload.cdn.baselinker.com/products/2000076/15e0a14aefad7a8a3e96d0e478957d9d.png";"https://upload.cdn.baselinker.com/products/2000076/1185ebdad5e230ed6aff25f5b3a88b9f.png";"https://upload.cdn.baselinker.com/products/2000076/7b448967308cf907dfce6adb204dbe4f.png";"https://upload.cdn.baselinker.com/products/2000076/c25dbd82b9ffa1efeb4b5e5d3f382d79.png";"https://upload.cdn.baselinker.com/products/2000076/c200267e8c9590b02a5f5b117edd01ce.png";"https://upload.cdn.baselinker.com/products/2000076/b2b670472ee80c5fdd3bb31415feb51b.png";"https://upload.cdn.baselinker.com/products/2000076/a5ed8f0ab290b3e5b8bea7d46090db28.png";"https://upload.cdn.baselinker.com/products/2000076/675e1134a329b6b8990d5758537e6eff.jpg";"";"";"";"";"";"";"";"Moledo"
"61784722";"Stelaż do łóżka 200x200 premium płaski niski wkład pod materac";9969;"5905342269083";"PL200pro";"Stelaże Drewniane ";196.80;23%;16;"<section class=""section"">
        <div class=""item item-12"">
            <section class=""text-item"">
                <h1><p class=""MsoNormal"" style=""line-height: normal; background-image: initial; background-position: initial; background-size: initial; background-repeat: initial; background-attachment: initial; background-origin: initial; background-clip: initial;""><font color=""#000000""><b><span style=""font-size:18.0pt;font-family:"" open="""" sans"",sans-serif;mso-fareast-font-family:="""" ""times="""" new="""" roman"";color:#222222;mso-font-kerning:18.0pt;mso-fareast-language:="""" pl""="""">Stelaż do łóżka pod materac elastyczny serii premium płaski 199x199cm firmy Moledo<o:p></o:p></span></b></font></p>

<p class=""MsoNormal"" style=""mso-margin-top-alt:auto;mso-margin-bottom-alt:auto;
line-height:normal""><font color=""#000000""><span style=""font-size:12.0pt;font-family:"" times="""" new="""" roman"",serif;="""" mso-fareast-font-family:""times="""" roman"";mso-fareast-language:pl""="""">Stelaż
wykonany jest z 40 sprężystych (giętych) listew brzozowych, 80  uchwytów
zapobiegających skrzypieniu oraz mocnej poziomej ramy  ze sklejki
najlepszych polskich producentów. Cechuje go niezwykła wytrzymałość, trwałość i
wysoka elastyczność. Stelaż dzięki swoim właściwościom jest odpowiedni dla
materacy sprężynowych oraz piankowych. Zwiększa komfort snu, daje optymalne
podparcie i zapewnia odpowiednią wentylację powietrza dla materaca<o:p></o:p></span></font></p></h1>
            </section>
        </div>
        </section>";"<p class=""MsoNormal"" style=""mso-margin-top-alt:auto;mso-margin-bottom-alt:auto;
line-height:normal""><font color=""#000000""><span style=""font-size:12.0pt;font-family:"" times="""" new="""" roman"",serif;="""" mso-fareast-font-family:""times="""" roman"";mso-fareast-language:pl""=""""> </span></font></p><p style=""background-image: initial; background-position: initial; background-size: initial; background-repeat: initial; background-attachment: initial; background-origin: initial; background-clip: initial;""><font color=""#000000""><b><span style=""font-family:"" open="""" sans"",sans-serif;="""" color:#222222""="""">Dane techniczne rozmiaru</span></b><span style=""font-family:
"" open="""" sans"",sans-serif;color:#222222""=""""> 200x200 :<o:p></o:p></span></font></p><p style=""background-image: initial; background-position: initial; background-size: initial; background-repeat: initial; background-attachment: initial; background-origin: initial; background-clip: initial;""><font color=""#000000""><span style=""font-family:"" open="""" sans"",sans-serif;="""" color:#222222""="""">·Długość <b>1990</b> mm<o:p></o:p></span></font></p><p style=""background-image: initial; background-position: initial; background-size: initial; background-repeat: initial; background-attachment: initial; background-origin: initial; background-clip: initial;""><font color=""#000000""><span style=""font-family:"" open="""" sans"",sans-serif;="""" color:#222222""="""">·Szerokość <b>1990 </b>mm <o:p></o:p></span></font></p><p style=""background-image: initial; background-position: initial; background-size: initial; background-repeat: initial; background-attachment: initial; background-origin: initial; background-clip: initial;""><font color=""#000000""><span style=""font-family:"" open="""" sans"",sans-serif;="""" color:#222222""="""">·Wysokość <b>36</b> mm<o:p></o:p></span></font></p><p style=""background-image: initial; background-position: initial; background-size: initial; background-repeat: initial; background-attachment: initial; background-origin: initial; background-clip: initial;""><font color=""#000000""><span style=""font-family:"" open="""" sans"",sans-serif;="""" color:#222222""="""">·Listwy gięte 53mm x 8mm  profilowana sklejka<o:p></o:p></span></font></p><p style=""background-image: initial; background-position: initial; background-size: initial; background-repeat: initial; background-attachment: initial; background-origin: initial; background-clip: initial;""><font color=""#000000""><span style=""font-family:"" open="""" sans"",sans-serif;="""" color:#222222""="""">·Odstępy między listwami 38mm<o:p></o:p></span></font></p><p open="""" sans"",="""" sans-serif;="""" font-size:="""" 16px;""="""">













</p><p style=""background-image: initial; background-position: initial; background-size: initial; background-repeat: initial; background-attachment: initial; background-origin: initial; background-clip: initial;""><font color=""#000000""><span style=""font-family:"" open="""" sans"",sans-serif;="""" color:#222222""="""">-<b>Dostępny każdy rozmiar</b><o:p></o:p></span></font></p>";"<p style=""color: rgb(34, 34, 34); font-family: "" open="""" sans"",="""" sans-serif;="""" font-size:="""" 16px;""=""""><br></p><div class=""mp4t_16_s mryx_16_s mr3m_1 mli2_1 mh85_56 mh85_0_l""><div class=""mgn2_16 _0d3bd_5pK0q""><p><b>Zalety</b><b>:</b></p>
<p>- Wkłady elastyczne wydłużają żywotność materaca nawet o 25%</p>
<p>- Profilowane listewki pozwalają lepiej pracować każdemu położonemu na nim materacowi dzięki zwiększonej elastyczności stelaża</p>
<p>- Stelaż zapewnia odpowiednią cyrkulację powietrza dla materaca</p><p>- <b>Bardzo niski stelaż, pasuje do wąskich boków łóżka  czy metalowych konstrukcji  oraz na podłogę</b></p>
<p><b><br></b></p><p><b><br></b></p></div></div>";"";"";"https://upload.cdn.baselinker.com/products/2000076/bf1f673c92a55d0548df950cbd994783.png";"https://upload.cdn.baselinker.com/products/2000076/e8e642d74c04019483b03617552bad09.png";"https://upload.cdn.baselinker.com/products/2000076/77a9107340425e0edb332886c6148e42.png";"https://upload.cdn.baselinker.com/products/2000076/a32334819fec7c8acf81d70d0e35a35f.png";"https://upload.cdn.baselinker.com/products/2000076/51e01e9eea7c45bfee2b2766ced71a16.png";"https://upload.cdn.baselinker.com/products/2000076/5e8cf8932d0e09bca49e32d7a3e28e64.png";"https://upload.cdn.baselinker.com/products/2000076/566e0c133a33ac3b7522ae3a0bb82c36.png";"https://upload.cdn.baselinker.com/products/2000076/0a154aa07e83cca6f2db999cbf13326e.png";"https://upload.cdn.baselinker.com/products/2000076/5d1effc3ddfb08ced77f530a8410e49d.jpg";"";"";"";"";"";"";"";"Moledo"
